splashscreen level/splashscreens/luigiBrosO.png
bg world/backgrounds/bgPyramids.png
music music/pyramid.wav

block world/blocks/sand.png
block world/blocks/arcadeblock.png

gametype exterminate 10
enemymax 20
spawndelay 1

nextlevel level/06BONUS+LEVEL+-+Little+Luigi's+Dream+Desert.txt
HEADER END

























                    P
                    0
                   000
                  00000
                 0000000
                000000000
               00000000000
              0000000000000
             000000000000000
            00000000000000000
           0000000000000000000
          000000000000000000000
         00000000000000000000000
        0000000000000000000000000
       000000000000000000000000000
      00000000000000000000000000000
     0000000000000000000000000000000
    000000000000000000000000000000000
   00000000000000000000000000000000000




0 0 0 0 0 0 0 0 0 0 0 0 0 0 0 0 0 0 0 0 0
0 0 0 0 0 0 0 0 0 0 0 0 0 0 0 0 0 0 0 0 0
0 0 0 0 0 0 0 0 0 0 0 0 0 0 0 0 0 0 0 0 0
0 0 0 0 0 0 0 0 0 0 0 0 0 0 0 0 0 0 0 0 0
0 0 0 0 0 0 0 0 0 0 0 0 0 0 0 0 0 0 0 0 0
0 0 0 0 0 0 0 0 0 0 0 0 0 0 0 0 0 0 0 0 0
0 0 0 0 0 0 0 0 0 0 0 0 0 0 0 0 0 0 0 0 0
0 0 0 0 0 0 0 0 0 0 0 0 0 0 0 0 0 0 0 0 0
0 0 0 0 0 0 0 0 0 0 0 0 0 0 0 0 0 0 0 0 0
0 0 0 0 0 0 0 0 0 0 0 0 0 0 0 0 0 0 0 0 0
0 0 0 0 0 0 0 0 0 0 0 0 0 0 0 0 0 0 0 0 0
0 0 0 0 0 0 0 0 0 0 0 0 0 0 0 0 0 0 0 0 0
0 0 0 0 0 0 0 0 0 0 0 0 0 0 0 0 0 0 0 0 0
0 0 0 0 0 0 0 0 0 0 0 0 0 0 0 0 0 0 0 0 0
0 0 0 0 0 0 0 0 0 0 0 0 0 0 0 0 0 0 0 0 0
0 0 0 0 0 0 0 0 0 0 0 0 0 0 0 0 0 0 0 0 0
0 0 0 0 0 0 0 0 0 0 0 0 0 0 0 0 0 0 0 0 0
0 0 0 0 0 0 0 0 0 0 0 0 0 0 0 0 0 0 0 0 0
0 0 0 0 0 0 0 0 0 0 0 0 0 0 0 0 0 0 0 0 0


 0 0 0 0 0 0 0 0 0 0 0 0 0 0 0 0 0 0 0 0


                      

                                         
00000000          00000          00000000
        0                       0
         0                     0
          0                   0
           0                 0
            0               0
             0             0
              0           0
               0         0
                0       0
                 0     0
                  0   0
                   0 0
                   0 0
                   0 0
                   0 0
                   0 0
                   0 0
                   0 0
                   0 0
                   0 0
                   0 0
                   0 0
                   0 0
                   0 0
                   0 0
                  0   0
                  0   0
                  0 0 0
                  0   0
                  0   0

    R           0        0          L
000000000 000000000000000000000 000000000
        0 0                   0 0
        0 0                   0 0
        0 0                   0 0
        0 0                   0 0
        0 0                   0 0
        0 0                   0 0
        0 0                   0 0
        0 0                   0 0
        0 0                   0 0
        0 0                   0 0
        0 0                   0 0
        0 0        0 0        0 0
        0 0       00 00       0 0
        0 0      000 000      0 0
        0 0        0 0        0 0
        0 0        0 0        0 0
        0 0        0 0        0 0
        0 0        0 0        0 0
       0   0       0 0       0   0
       0   0       0 0       0   0
       0 0 0       0 0       0 0 0
       0   0       0 0       0   0
       0   0       0 0       0   0
                   0 0
    R              0 0              L
00000000000000000000 00000000000000000000
                   0 0
                   0 0
                   0 0
                   0 0
                   0 0
                   0 0
                   0 0
                   0 0
                   0 0
                   0 0
                   0 0
                   0 0


0              00000000000000000000000000
0              0    0                   0
0              0    0                   0
0 00 00 00 00 00 00 00 00 00 00 00 00 000
0  0  0  0  0  0  0  0  0  0  0  0  0  00
0  0  0  0  0  0  0  0  0  0  0  0  0  00 
00 00 00 00 00 00 00 00 00 00 00 00 00 00
00  0  0  0  0  0  0  0  0  0  0  0  0  0
00  0  0  0  0  0  0  0  0  0  0  0  0  0
000 00 00 00 00 00 00 00 00 00 00 00 00 0
  0  0  0  0  0  0  0  0  0  0  0  0  0  
  0  0  0  0  0  0  0  0  0  0  0  0  0  
  00 00 00 00 00 00 00 00 00 00 00 00 00 
0                 0 0                   0
0                 0 0
0                 0 0
0                 0 0
0                 0 0
0                 0 0  f
0000000000000000000 000000000000000000000
                  0 0
                  0 0
                  0 0
                  0 0
                  0 0
                  0 0
                  0 0
                  0 0
                  0 0
                  0 0
                  0 0
                  0 0
                  0 0
                  0 0
                  0 0
                  0 0
                  0 0
                  0 0
                  0 0
                  0 0
                  0 0
                  0z0
                  0 0
                  0 0
                  0 0
                  0 0
                  0 0
                  0 0
                  0 0
                  0 0
                  0 0
                  0 0
                  0 0
                  0 0
                  0 0
                  0 0
                  0 0
                  0 0
                  0 0
                  0 0
                  0 0
                  0 0
                  0 0
                  0 0
                  0 0
                  0 0
                  0 0
0000000000000000000 000000000000000000000
0                                       0
0                                       0
0                                       0
0                                       0
0                                       0
0                                       0
0                                       0
0                                       0
0                                       0
0                                       0
0                                       0
0                                       0
0                                       0
0                                       0
0                                       0
0                                       0
0                                       0
0                                       0
0                                       0
0                                       0
0                   0                   0
0                  000                  0
0                 00000                 0
0                0000000                0
0               000000000               0
0              00000000000              0
0             0000000000000             0
0            000000000000000            0
0           00000000000000000           0
0          0000000000000000000          0
0         000000000000000000000         0
0        00000000000000000000000        0
0       0000000000000000000000000       0
0      000000000000000000000000000      0
0     00000000000000000000000000000     0
0    0000000000000000000000000000000    0
0fff000000000000000000000000000000000fff0
0ff00000000000000000000000000000000000ff0
0f0000000000000000000000000000000000000f0
00000000000000000000000000000000000000000
